""	"Samp01"	"Samp02"	"Samp03"	"Samp04"	"Samp05"	"Samp06"	"Samp07"	"Samp08"	"Samp09"	"Samp10"	"Samp11"	"Samp12"	"Samp13"	"Samp14"	"Samp15"	"Samp154"	"Samp155"	"Samp156"	"Samp157"	"Samp158"	"Samp159"	"Samp16"	"Samp160"	"Samp161"	"Samp162"	"Samp163"	"Samp164"	"Samp165"	"Samp166"	"Samp167"	"Samp17"	"Samp18"	"Samp19"	"Samp20"	"Samp21"	"Samp22"	"Samp23"	"Samp24"	"Samp25"	"Samp26"	"Samp27"	"Samp28"	"Samp29"	"Samp34"	"Samp35"	"Samp36"	"Samp37"	"Samp38"	"Samp39"	"Samp40"	"Samp88"	"Samp89"	"Samp90"	"Samp91"
"ASV0081"	0.000169104591189651	0.003125	0	0	0.000254755434782609	8.42886041807148e-05	0	0	0	0	0	0	0	0	0	0	0	0	0	0	0	0.000421265481506445	0	0	0	0	0	0	0	0	0.00118243243243243	0	0	0	0	0.0145161290322581	8.52151682999574e-05	0.00281449893390192	0.101390301797219	0	0.00378405650857719	0	0	0.00161399932042134	0	0	0.000169161803264823	0	0	0.000338696020321761	0	0	0	8.43810648890389e-05
"ASV0089"	0	0	0	0	0	0	0	0	0	0	0	0	0	0	0	0	0	0	0	0	0	0	0	0	0	0	0	0	0	0.00109197816043679	0	0	0	0	0	0	0	0	0	0	0	0	0	0	0	0	0	0	0	0	0	0	0	0
"ASV0092"	0.000760970660353429	0	0.00238216777267313	0	0.00356657608695652	0	0	0	0.000168335998653312	0	0	8.43739453256834e-05	8.40972163821378e-05	0	0	0	0	0	0	0	0	0	0	0	0	0	0	0.00546677880571909	0	0.000671986560268795	0	0	0	0	0	0	0	0	0	0	0	0	0.00168747890651367	0.000934420659191301	0	0	8.45809016324114e-05	0	0	0	0.000170068027210884	0.00202582932387946	0	0.000506286389334233
"ASV0105"	0	0	0	0	0	0	0	0	0	0.0010136847440446	0	0	0	0	0	0	0	0	0	0	0	0	0	0	0	0	0	0	0	0	0	0	0	0	0	0	0	0	0	0	0	0	0	0.000594631328576283	0	0	0	0	0	0	0	0	0	0
"ASV0107"	0	0	0	8.53752241099633e-05	0.000509510869565217	0	0	0	0	0	0	0.000421869726628417	0	0	0	0	0	0	0	0	0	0	0	0	0	0	0	0	0	0	0	0	0	0	0	0	0	0	0	0	0	0	0	0.0344036697247706	0	0	0	0	0	0	0	0.00464252553389044	0	0
"ASV0108"	0	0	0.00459418070444104	0	0	0	0	0	0	0.000168947457340767	0	0	0	0	0	0	0	0	0	0	0	0	0	0	0	0	0	0	0	0	0	0	0	0	0	0	0	0	0	0	0	0	0	0	0	0	0	0	0	0	0	0	0	0
"ASV0115"	0	0	0.000255232261357836	0	0.000509510869565217	0	0	0	0.000168335998653312	0	0	0	0	0	0	0	0	0	0	0	0	0	0	0	0	0	0	0	0	0	0.0103885135135135	0.000168747890651367	0.000168236877523553	0	0	0	0	0	0.00127161749745677	0	0	0	0	0	0	0	0	0	0	0	0	0	0	0
"ASV0119"	0.00279022575462924	0	0	0	0	0	0	0	0	0	0	0	0	0	0	0	0	0	0	0	0	0	0	0	0	0	0	0	0	0	0	0	0	0	0	0	0	0	0.00364530349270939	0	0	0	0	0	0	0	0	0	0	0	0	0	0	0
"ASV0123"	0	0	8.50774204526119e-05	0	0	0	0	0	0	0.000337894914681534	0	0.000928113398582518	0	0	0	0	0	0	0	0	0	0	0	0	0.000587692049366132	0	0	0	0	0	0	0	0	0	0	0	0	0.00528784648187633	0.0116141064767718	0	0.00134544231416078	0	0	0	0	0	0	0	0	0	0	0	0	0
"ASV0132"	0.00109917984273273	0	0	0	0	0.000252865812542144	0	0	8.4167999326656e-05	0	0	0	0	0	0	0	0	0	0	0	0	0	0	0	0	0	0	0	0	0.000167996640067199	0	0.000506243671954101	0.000420592193808883	0	0	0	0.00144865786109928	0	0	0.000338638672536404	0	0.000592166483377041	0.00126560917988525	0.000849473326537547	0	0.000588631012445341	0	0	0	0	0.000850340136054422	0.000506457330969866	0	0
"ASV0202"	0.00769425889912911	0	0	0.000683001792879706	0.000509510869565217	0.00345583277140931	0	0	0.000168335998653312	0	0	0.00168747890651367	0	0.00033661533282841	0.00050564638462835	0	0	0	0.000419780035261523	0	0	0	0	0	0	0	0	0	0	0	0.000253378378378378	0.000843739453256834	0	0.00168166148154377	0	0	0.0103110353642948	0	0	0.0131222485607856	0	0	0	0.174057084607543	0	0	0.000169161803264823	0	0	0.0104995766299746	0.00408163265306122	0	0.000168990283058724	0.000421905324445194
"ASV0221"	0.00135283672951721	0	0	0	0	0	0	0	0	0	0	0	0	0	0	0	0	0	0	0	0	0	0	0	0	0	0	0	0	0	0	0	0	0	0	0	0.00110779718789945	0	0	0.00237047070775483	0	0	0.0025312183597705	0	0	0	0	0	0	0	0.000595238095238095	0	0	0
"ASV0222"	0.356979792001353	0.0210304054054054	0.661391866598605	8.53752241099633e-05	0.000849184782608696	0.00016857720836143	0.000252589037635767	0	8.4167999326656e-05	0.000168947457340767	0.000673343994613248	8.43739453256834e-05	0.00075687494743924	0	0.000168548794876117	0	0	0	0	0	0	0	0	0	0	0	0	0.00344827586206897	0	0	0	0.0649679379007762	0.000672947510094213	0	0.000335908632851864	0.12402376910017	0.345632722624627	0.0229424307036247	0.131739572736521	0.389265154080596	0.104944500504541	0.166652567464681	0.411829227134661	0	0.000337154416722859	0	0.00439820688488539	0.00109252878393142	0.00596588521972943	0.0204064352243861	0.150255102040816	0	0	0
"ASV0254"	0	0	0	0	0	0.00016857720836143	0	0	0.000505007995959936	0	0	0	0	0	0.00160121355132311	0	0	0	0	0	0	0	0	0	0	0	0	0	0	0	0	0.00025312183597705	0	0	0	0	0	0	0	0	0	0	0	0	0	0	0	0	0	8.46740050804403e-05	0	0	0	0
"ASV0263"	0.000169104591189651	0	0	0	0	0	0	0	0.000757511993939904	0	0	0	0	0	0	0	0	0	0	0	0	0	0	0	0	0	0	0	0	0	0	0	0	0	0	0	0	0.00162046908315565	0.0878263818243472	0	0	0	0	0	0	0	0	0	0	0	0	0	0	0
"ASV0274"	0.011160903018517	0.000337837837837838	0.000170154840905224	0	0.0247961956521739	0	0.000505178075271533	0.00387270584273447	0.000589175995286592	0.0020273694880892	0.00353505597171955	0	0.00681187452695316	0.000168307666414205	0.000252823192314175	0.989423319063208	0	0.995802199647385	0.00394593233145832	0.99857238831038	0.0013455554621142	0.982728115258236	0.996137050722203	0.988413098236776	0.373016539333389	0.998486122792262	0.995624737063525	0.000336417157275021	0.977417730020148	0.967996640067199	0.000844594594594595	0.00025312183597705	0.000336473755047106	0	0.985891837420222	0.016383701188455	0.00553898593949723	0.00264392324093817	0.0578162088843676	0.00618015577378937	0.00109317188025563	0.000253785635733018	0.00337495781302734	0.00399252463472647	0.00143290627107215	0.96501849983182	0.96422227860949	0.991932095134045	0.987732123350979	0.000592718035563082	0.00357142857142857	0	0	0.00362838579022867
"ASV0281"	0	0	0	0	0	0	0	0	0	0	0	0	0	0	0	0	0	0	0	0	0	0	0	0	0	0	0	0	0	0.000923981520369593	0	0	0	0	0	0	0	0.0360767590618337	0.00220413699559173	0	0.000588631012445341	0	0	0	0	0	0	0	0	0	0	0	0	0
"ASV0293"	0	0	0	0.000170750448219927	0	0	0	0	0	0	0.000252503997979968	0.00329058386770165	0	0.000420769166035513	0.000252823192314175	0	0	0	0	0	0	0	0	0	0.000503736042313828	0	0	0	0	0	0	0.0010124873439082	0	0	8.39771582129661e-05	0	0	0	0	0	0	0	0	0	0	0	0	0	0	0	0.00433673469387755	0	0	0
"ASV0308"	0	0	0	0	0	0	0	0	0	0	0	0	0	0	0	0	0	0	0	0	0	0	0	0	0	0	0	0	0	0	0	0	0	0	0	0	0	0.00221748400852878	0	0	0	0	0	0	0	0	0	0	0	0	0	0	0	0
"ASV0328"	0	0	0	0	0	0	0	0	0	0	0	0	0	0	0	0	0	0	0	0	0	0	0	0	0	0	0	0	0	0	0	0	0	8.40830740771883e-05	0	0	0	0	0	0	0	0	0	0	0	0	0	0	0	0.000508044030482642	0.000425170068027211	0	0	0
"ASV0350"	0.000930075251543079	0.00135135135135135	0.000595541943168283	0.0135746606334842	0.00178328804347826	0.00404585300067431	0.0294687210575061	0.000841892574507493	0	0.0117418482851833	0.00690177594478579	0.149510631117111	0	0.0031136918286628	0.00716332378223496	0	0	0	0	0	0.118156589016904	0	0	0	0.00344219628914449	0	0	0	0.00184687709872398	0.000755984880302394	0.000253378378378378	0.0125717178535268	0	0	0.000587840107490763	0.000509337860780985	0.00230080954409885	0.000767590618336887	0.00186503899626992	0	0.00168180289270098	0	0.000168747890651367	0.00212368331634387	0.000421443020903574	0.00126135216952573	0.000422904508162057	0.00033616270274813	0	0	0.00671768707482993	0.000422047775808221	0.00261934938741022	0.00075942958400135
"ASV0379"	0	0	0	0	0	0	0	0	0	0	0	0	0	0	0	0	0	0	0	0	0	0	0	0	0	0	0	0	0	0	0	0.000928113398582518	0	8.40830740771883e-05	0	0	0	0	0.00890132248219735	0.000761937013206908	0	0.000761356907199053	0.0015187310158623	0	0	0	0	0	0	0	0.00374149659863946	0	0	0
"ASV0394"	0.00118373213832756	0	0.000340309681810448	0	0	0	0	0.00210473143626873	0.00117835199057318	0	0	0	0	0	0	0	0	0	0	0	0	0	0	8.39630562552477e-05	0	0	0	0	0	0	0	8.43739453256834e-05	0	0	0	0	0	0	0	0	8.40901446350488e-05	0.00211488029777515	0	0	0	0	0.000253742704897234	0	0	0.000423370025402202	0.00076530612244898	0.00059086688613151	0.000591465990705534	0
"ASV0417"	0	0	0	0	0.000509510869565217	0	0	0	0	0	0	0	0	0	0	0	0	0	0	0	0	0	0	0	0	0	0	0	0	0	0	0	0	0	0	0	0.000937366851299531	0	0	0	0	0	0	0	0	0	0	0	0	0	0	0	0	0
"ASV0428"	0	0	0	0	0	0	0.000252589037635767	0	0	0.00397026524750803	0.00260920797912634	0.000421869726628417	0.0013455554621142	0.000168307666414205	0.000842743974380583	0	0	0	0	0	0	0.000168506192602578	0	0	0	0	0	0.00403700588730025	0	0	0.000253378378378378	0	0	0	0	0	0	0	0	0	0	0	0	0.000849473326537547	0.00303438975050573	0.0032795156407669	0	0	0	0	0	0.00135055288258631	0	0
"ASV0433"	0	0	0	0	0	0	0	0	0	0	0	0	0	0	0	0	0	0	0	0	0	0	0	0	0	0	0	0	0	0	0	0	0	0	0	0.00169779286926995	0	0.00690831556503198	0	0	0	0	0	0	0	0	0	0	0	0	0	0	0	0
"ASV0436"	0	0	0	0	0	0	0	0	0	8.44737286703835e-05	0	8.43739453256834e-05	0	0	0	0	0	0	0	0	0	0	0	0	0	0	0	0	0	0	0	0.00185622679716504	8.41184387617766e-05	0	0	0	0	0	0	0	0	0	0	0	0	0	0	0	0	0.000169348010160881	0.00110544217687075	0	0	0
"ASV0474"	0.00219835968546546	0	0	0	0.000169836956521739	8.42886041807148e-05	0	0	0	0	8.4167999326656e-05	0	0	0.000757384498863923	0	0	0	0	0	0	0	0	0	0	0	0	0	0	0	0	0	0	0	8.40830740771883e-05	0	0	0	0.00102345415778252	0	0	0.000756811301715439	0	0	0.000509683995922528	0	0.000252270433905146	0	0.000168081351374065	0	0	0.000255102040816327	0	0	0.000253143194667117
"ASV0487"	0	0	0	0.00332963374028857	0.000849184782608696	0.000505731625084289	0	0	0.000252503997979968	0	0	0.0111373607829902	0	0	0	0	0	0	0	0	0	0	0	0	0.000503736042313828	0	0	0	0	8.39983200335993e-05	0.000253378378378378	0	0	0	0	0	0	0	0	0	0	0	0	0.00110431532449881	0	0	0.000169161803264823	0	0	0	0	0	0	0.000337524259556156
"ASV0498"	0	0	0	0	0	0	0	0	0	0	0	0	0	0	0	0	0	0	0	0	0	0	0	0	0	0	0	0	0	0	0	0	0	0	0	0	0	0	0.00279755849440488	0	0	0	0	0	0	0	0	0	0	0	0	0	0	0
"ASV0506"	0.0049885854400947	0.00109797297297297	0	0	0	0	0	0	0	0	0	0	0	0	0	0	0	0	0	0	0	0	0	0	0	0	0	0	0	0	0	0.0108842389470132	0	0	0	0.0106112054329372	0	0.0017910447761194	0.00262800949474398	0	0	0	0	0.000509683995922528	0.00101146325016858	0	0.00169161803264823	0	0	0.000592718035563082	0.00986394557823129	0	0	0
"ASV0507"	0	0	0	0	0	0	0	0	0	0	0	0	0	0	0	0	0	0	0	0	0	0	0	0	0	0	0	0	0	0	0	0	0	0	0	0	0.00110779718789945	0	0	0	0	0	0	0	0	0	0	0	0	0	0	0	0	0
"ASV0522"	0	0	0	0	0.000594429347826087	0	0	0	0	0.000168947457340767	0	0	0	0	0	0	0	0	0	0	0	0	0	0	0	0	0	0	0	0	0	0	0	0	0	0	0	0.00093816631130064	0.00559511698880977	0	0	0	0	0.00169894665307509	0	0	0	0	0	0.000254022015241321	0	0	0	0
"ASV0524"	0	0	0	0	0.000254755434782609	8.42886041807148e-05	0	0.000757703317056744	0	0	0	0	0	0	0	0	0	0	0	0	0	0	0	0	0	0	0	0	0	0	0	0	0	0	0	0	0	0	0	8.46596681341009e-05	0.00554994954591322	0	0	0.000509683995922528	0	0	0	0	0	0	0	0	0	0
"ASV0548"	0	0	0.000340309681810448	0	0	0	0	0	0	0	0	0	0	0	0	0	0	0	0	0	0	0	0	0	0	0	0	0	0	0	0	0	0	0	0	0	0	0	0	0	0	0	0	0	0	0	0	0	0	0	0	0	0.000760456273764259	0
"ASV0559"	0	0	0.0021269355113153	0.00230513105096901	0.0213994565217391	0.00362440997977074	0	0.0661727563562889	0.00597592795219258	0.000506842372022301	0.00084167999326656	0.0122342220722241	0	0.000757384498863923	0.00438226866677903	0	0.82273376459716	0.00209890017630761	0.701536394929057	0	0	0.000421265481506445	0	0	0.00268659222567375	0	0	0	0.00335795836131632	0	8.44594594594595e-05	0	0.918741588156124	0.795089548473892	0.000167954316425932	0	0	0	0	0	0.00100908173562059	0.00152271381439811	0.000421869726628417	0.0819741760108733	0	0.00193407332660612	0	0	0.000336106209562222	0.000423370025402202	0	0.00717481218873977	0.000168990283058724	0.141844570078474
"ASV0566"	0.00524224232687918	0.0157094594594595	0.00595541943168283	0.000341500896439853	0.0785495923913043	0	0.000336785383514356	0	0.000673343994613248	0	0	8.43739453256834e-05	0.000840972163821378	0	0.00050564638462835	0	0	0	0	0	0	0.000252759288903867	0	0.000587741393786734	0	0	0	0	0	0	0.000168918918918919	0.0040499493756328	0	8.40830740771883e-05	0	0.0105263157894737	0.00136344269279932	0.0140724946695096	0.00110206849779586	0.00728073145953268	0.0419609821728893	0.00634464089332544	0.00312183597705029	0.0063710499490316	0.0725724881995954	8.40901446350488e-05	0.00101497081958894	0	0.000420132761952777	0.000423370025402202	0.00246598639455782	0.00582425930615346	8.44951415293621e-05	0.00135009703822462
"ASV0574"	0	0	0	0	0	0.000505731625084289	0	0	0	0	0	0	0	8.41538332071026e-05	0.000674195179504467	0	0	0	0	0	0	0	0	0	0	0	0	0	0	0	0.000253378378378378	0	0	0	0	0	0	0	0	0	0	0	0	0	0	0	0	0	0	0	0	0	0	0
"ASV0578"	0	0	0	0	0	0	0	0	0	0	0	0	0	0	0	0	0	0	0	0	0	0	0	0	0	0	0	0	0	0	0	0	0	0	0	0	0	0.000511727078891258	0.00491692099016616	0	0	0	0	0	0	0	0	0.00033616270274813	0	8.46740050804403e-05	0	0	0	0
"ASV0582"	0	0	0	0	0	0	0	0	0	0	0	0	0	0	0	0	0	0	0	0	0	0	0	0	0	0	0	0	0	0	0	0	0	0	0	0	0	0	0	0	0	0	0	0	0	0	0	0	0	0.000762066045723963	0.00119047619047619	0	0	0
"ASV0621"	0	0	0.00110600646588395	0	0	0	0	0	0	0	0	0	0	0	0	0	0	0	0	0	0	0	0	0	0	0	0	0	0	0	0	0	0	0	0	0	0	0	0	0	0	0	0	0	0	0	0	0	0	0	0	0	0	0
"ASV0628"	0	0	0	0.00221975582685905	0	0.0016857720836143	0.000673570767028711	0	0	0	0	0	0	0.000589076832449718	0	0	0	0	0	0	0.000420486081910689	0	0	0	0	0	0	0	0	0	0	0.00025312183597705	0	0	0	0	0	0	0	0	0	0	0	0.000169894665307509	0	0	0.000169161803264823	0	0	0.000677392040643522	0.00144557823129252	0	0.000675961132234897	0
"ASV0630"	0	0	0	0	0	0	0	0	0	0	0	0	0	0	0	0	0	0	0	0	0	0	0	0	0	0	0	0	0	0	0	0	0	0	0	0	0	0	0.00203458799593082	0	0	0	0	0	0	0	0	0	0	0	0	0	0	0
"ASV0634"	8.45522955948254e-05	0	0	0.00025612567232989	0.0069633152173913	0.000252865812542144	0.00143133787993601	0.00328338104057922	0.0319838397441293	0	0	0	0	0	0.00370807348727457	0.00621170150256023	0.00168024867680417	8.39560070523046e-05	0.0173788934598271	0	0	0.000168506192602578	0	0.00109151973131822	0.0072202166064982	0	0	0	0.0010073875083949	0	8.44594594594595e-05	0.00025312183597705	0	0.000252249222231565	0.000587840107490763	0	0	0	0	0	0	0	0.000674991562605467	0.00161399932042134	0.030428186109238	0.00445677766565758	0.000169161803264823	0	0	0.0012701100762066	0.0263605442176871	0	0	0.0045565775040081
"ASV0636"	0	0.000760135135135135	0	0.000170750448219927	0.00288722826086957	0.000252865812542144	0	0	0	0.000253421186011151	0	0	0	8.41538332071026e-05	0	0	0	0	0	0	0	0	0	0	0	0	0	0	0	0	8.44594594594595e-05	0	0	0	0	0	0.000255645504899872	0.000597014925373134	0	0.000592617676938706	0	0	0	0	0	0	0	0	0	0	0	0.000253228665484933	0	8.43810648890389e-05
"ASV0637"	0.0429525661621713	0.0159628378378378	0.0121660711247235	0.00187825493041919	0.0293817934782609	0.000505731625084289	0.000168392691757178	0.0600269405623842	0.13416379092669	0	0	0.00750928113398583	0.01101673534606	0.00126230749810654	0.000927018371818641	0.00025182573659028	0.0913215155843065	0.000587692049366132	0.141130047854924	0	0	0.00126379644451934	0	0.00293870696893367	0.00512131643019058	0	0.00100967606226336	0.00370058873002523	0.00117528542646071	0.00260394792104158	0.000337837837837838	0.0020249746878164	0.0536675639300135	0.097368199781384	0.000587840107490763	0.0189303904923599	0.0195142735406902	0.00426439232409382	0.0281451339437097	0.0308161192008127	0.0119408005381769	0.0281702055663649	0.296658791765103	0.0736493374108053	0.017447741065408	0	0.00118413262285376	0	0.000840265523905554	0.018458933107536	0.0137755102040816	0.361441715202161	0	0.575900767867691
"ASV0643"	0	0	0	0	0	0	0	0	0	0	0	0	0	0	0.000252823192314175	0	0	0	0	0	0	0	0	0	0	0	0	0	0	0	0.000253378378378378	0.000674991562605467	0	0	0	0	0.00102258201959949	0	0	0	0	0	0	0	0	0	0	0	0	0.00220152413209145	0.00671768707482993	0	0	0
"ASV0663"	0	0	0	0	0	0	0	0	0	0	0	0	0	0	0	0	0	0	0	0	0	0	0	0	0	0	0	0	0	0	0	0	0	0	0	0	0	0	0.00322143099355714	0	0	0	0	0	0	0	0	0	0	0	0	0	0	0
"ASV0690"	0	0	0	0	0	0	0	0	0	0	0	0	0	0	0	0	0	0	0	0	0	0	0	0	0	0	0	0	0	0	0	0	0	0	0	0	0	0.00247334754797441	0	0	0	0	0	0	0	0	0	0	0	0	0	0	0	0
"ASV0693"	0.00152194132070686	0	0.000680619363620895	0	0	0	0	0	0	0	0	0	0	0	0	0	0	0	0	0	0	0	0	0	0	0	0	0	0	0	0	0	0	0	0	0	0	0.000426439232409382	0	0	0.00184998318197107	0	0	0	0.00143290627107215	0	0	0	0	0	0	0	0	0
"ASV0709"	0	0	0	0	0	0	0	0	0	0	0	0	0	0	0	0	0	0	0	0	0	0	0	0	0	0	0	0	0	0	0	0	0	0	0	0	0	0	0.00186503899626992	0	0.00201816347124117	0	0	0	0	0	0	0	0	0	0	0	0	0
"ASV0734"	0	0	0	0	0.00101902173913043	0	0.000420981729392944	0	0	0	0	0	0	0	0	0	0	0	0	0	0	0	0	0	0	0	0	0	0	0	0	0	0	0	0	0.000933786078098472	0	0.00272921108742004	0	0	0	0	0	0	0	0	0	0	0	0	0	0	0	0
"ASV0802"	0	0	0	0	0.000679347826086957	0	0	0	0	0	0	0	0	0	0	0	0	0	0	0	0	0	0	0	0	0	0	0	0	0	0	0	0	0	0	0	0	0	0	0	0	0	0	0.000849473326537547	0	0	0	0	0	0	0	0	0	0
"ASV0807"	0	0	0.00153139356814701	0.000170750448219927	0	0	0	0	0	0	0	0	0.000168194432764276	0.000757384498863923	0	0	0	0	0	0	0	0	0	0.000167926112510495	0	0	0	0	0	0.000419991600167997	0	0.000337495781302734	0.00025235531628533	0	0	0.0032258064516129	0	0	0.00669718548660563	0.000423298340670505	0.00470904809956273	0.00313002284070722	0	0	0.00109575185434929	0.000420450723175244	0	0	0	0	8.50340136054422e-05	0	0	0
"ASV0827"	0.120148812040247	0.000422297297297297	0.118087459588225	0	0	0.000421443020903574	0	0	0	8.44737286703835e-05	0	8.43739453256834e-05	0.00227062484231772	0	0	0	0.000840124338402084	0	0	0	0	0	0	0	0	0	0	0.00437342304457527	0	0	0	0.00177185285183935	0	0	0	0	0.0766936514699616	0	0	0.136302065695902	0.00184998318197107	0	0.0171279109011137	0.00195378865103636	0	0	0	0.000168081351374065	0.000336106209562222	0.00389500423370025	0.00578231292517007	0.0022790579893644	0	0
"ASV0847"	0.00143738902511203	0.000253378378378378	0.000595541943168283	0.000170750448219927	0.00314198369565217	0	0.000252589037635767	0.000168378514901499	8.4167999326656e-05	0.000591316100692685	0.000505007995959936	0.000337495781302734	0.00117736102934993	0.000757384498863923	0	0	0	0	0	0	0	0.000252759288903867	0	0	0	0	0	0	0	0.000335993280134397	0.000422297297297297	0.000168747890651367	0.000757065948855989	0	0.000167954316425932	0.00135823429541596	0.00374946740519813	0.00682302771855011	0.0262800949474398	0.000677277345072807	0.0150521358896737	0.00329921326452923	0.00143435707053662	0.00212368331634387	0.0016857720836143	0.000168180289270098	0.000422904508162057	0	0	0	8.50340136054422e-05	0	0.000929446556822983	0
"ASV0851"	0	0	0	0	0.00127377717391304	0	0	0	0.000252503997979968	0	0	0	0.0101757631822387	0	0.000589920782066408	0	0	0	0	0	0	0.000168506192602578	0	0	0	0	0	0.0200168208578637	0	0	0.000929054054054054	0	0	0	0	0	0	0	0	0	0	0	0	0	0.00118004045853001	0	0	0	0	0	0	0	0	0
"ASV0856"	0.000676418364758603	0.00185810810810811	0.00153139356814701	0	0.000424592391304348	8.42886041807148e-05	0	0	0	0	0	0	0.000840972163821378	0.000168307666414205	0	0	0	0	0	0	0	0	0	0	0	0	0	0.00176619007569386	0	0	8.44594594594595e-05	0	0	0	0	0.00220713073005093	0	0	0	0.00126989502201151	0.00353178607467205	0	0.000421869726628417	0.000509683995922528	0	0	0	0	0	0.000254022015241321	0	0.00101291466193973	0.000760456273764259	0
"ASV0869"	0	0	0	0	0	0	0	0	0	0	0	0	0	0	0	0	0	0	0	0	0	0	0	0	0	0	0	0	0	0	0	0	0	0	0	0	0	0	0	0	0.00142953245879583	0	0	0	0	0	0	0	0	0	0	0	0	0
"ASV0926"	0	0	0	0.00025612567232989	0	0	0	0.000420946287253746	0.000168335998653312	0.000337894914681534	0	0	0	0.000168307666414205	0	0	0	0	0.0120057090084796	0	0	0.000252759288903867	0	0	0	0	0	0	0	0	0	0	8.41184387617766e-05	0.00689481207432944	0	0.000764006791171477	0	0	0.00203458799593082	0	0.0065590312815338	0.000676761695288047	0.00236247046911914	0.000339789330615019	0.00143290627107215	0	0	0	0	0	0.000255102040816327	0.000422047775808221	0.000253485424588086	0.000506286389334233
"ASV0942"	0	0	0	0	0	0	0.000252589037635767	0	0	0	0	0	0	0	0.000589920782066408	0	0	0	0	0	0	0	0	0	0.000251868021156914	0	0	0	0	0	0.000253378378378378	0	0	0	0	0	0	0	0	0	0	0	0	0	0	0	0	0	0	0	0	0	0	0
"ASV0952"	0	0	0.000765696784073507	0	0	8.42886041807148e-05	0	0.000252567772352248	0	0	0	0	0	0	0	0	0	0	0	0	0	0	0	0	0	0	0	0	0	0	0	0	0	0	0	0	0.000681721346399659	0	0	0	0	0	0.000337495781302734	0	0	0	0.000422904508162057	0	0	0	0.000425170068027211	0.000253228665484933	0	0.00118133490844654
"ASV0959"	0.00321298723260337	0	0	0.000853752241099633	0.000424592391304348	0	0	0	0	0.000168947457340767	0.00042083999663328	0	0	0.000252461499621308	0	0	0	0	0	0	0	0.00117954334821805	0	0	0	0	0	0	0	0	0	0	8.41184387617766e-05	0	0	0.00254668930390492	0.00213037920749893	0.000170575692963753	0.000678195998643608	0	0.000504540867810293	0	0.000337495781302734	0	0	0	0	0	0	0	0.000255102040816327	0	0	0
"ASV0990"	0	0.000506756756756757	0	0.00025612567232989	0.313603940217391	0.00016857720836143	0.00101035615054307	0	0	0	0	0.000506243671954101	0.0037843747371962	0	0.000337097589752233	0	0.00260438544904646	0	0.00268659222567375	0	0	0	0	0	0	0	0	0	0	0	0	0	8.41184387617766e-05	0	0.000671817265703729	0	0	0	0.00822312648355375	0	0.000588631012445341	8.45952119110058e-05	0	0.00288820931022766	0.49527983816588	0	0	0	0	0	0.000255102040816327	0.00557103064066852	0	0.00185638342755886
"ASV0992"	0	0	0	0	0	0	0	0	0	0	0	0	0	0	0	0	0	0	0	0	0	0	0	0	0	0	0	0	0	0	0	0	0	0	0	0	0	0	0.00178026449643947	0	0	0	0	0	0	0	0	0	0	0	0	0	0	0
"ASV1015"	0	0	0	0	0	0	0	0	0	0	0	0	0	0	0	0	0	0	0	0	0	0	0	0	0	0	0	0	0	0	0	0	0	0	0	0	0	0	0	0	0	0	0	0	0	0	0	0	0	0	0	0.000759685996454799	0	0.000506286389334233
"ASV1022"	0.00363574871057749	0	0.00161647098859963	0	0	0	0	0	0	0	0	0	0	0	0	0	0	0	0	0	0	0	0	0	0	0	0	0	0	0	0	0.000674991562605467	8.41184387617766e-05	0	0	0	0	0	0	0.00313240772096173	0	0	0.00345933175835302	0	0	0	0	0	0	0	0.00136054421768707	0	0	0.00118133490844654
"ASV1075"	0.000591866069163778	0.00481418918918919	0	0	0	0	0	0	0	0	0	0	0	0	0	0	0	0	0	0	0	0	0	0	0	0	0	0	0	0	0	0.00160310496118799	8.41184387617766e-05	0	0	0	0	0	0.00525601898948796	0.000169319336268202	0	0	0.0633648329395883	0	0	0	8.45809016324114e-05	0.000168081351374065	0	0.000592718035563082	0.0199829931972789	0	0	0
"ASV1085"	0	0	0.000340309681810448	0	0	0	0	0	0	0	0	0	0	0	0	0	0	0	0	0	0	0	0	0	0	0	0	0	0	0	0	0.000421869726628417	0	0	0	0	0	0	0	0.00110057568574331	0	0	0	0	0	0	0	0	0	0	8.50340136054422e-05	0	0	0
"ASV1094"	0	0	0	8.53752241099633e-05	0.000509510869565217	0	8.41963458785889e-05	0	0	0	0	0.00556868039149511	0	0	0.000421371987190292	0	0	0	0	0	0	0	0	0	0	0	0	0	0.00226662189388852	0	0	0.0170435369557881	0	8.40830740771883e-05	0	0	0	0	0	0.000592617676938706	0	0.000676761695288047	0.000674991562605467	0	0	0	0	0	0	0.00592718035563082	0.0054421768707483	0	0	0
"ASV1101"	0	0	0.00119108388633657	0	0	0	0	0	0	0	0	0	0	0	0	0	0	0	0	0	0	0	0	0	0	0	0	0	0	0	0	0	0	0	0	0	0	0	0	0	0	0	0	0	0	0	0	0	0	0	0	0	0	0
"ASV1113"	0	0	0	0	0	0	0	0	0	0	0	0	0	0	0	0	0	0	0	0	0	0	0	0	0	0	0	0	0	0	0	8.43739453256834e-05	0	0	0	0	0	0	0	0.000507958008804605	0	0	0	0	0	0	0	0	0	0.000423370025402202	0.00119047619047619	0	0	0
"ASV1115"	0	0	0	0	0	0	0	0	0	0	0	0	0	0	0	0	0	0	0	0	0	0	0	0	0	0	0	0	0	0	0	0	0	0	0	0	0	0.00136460554371002	0	0	0	0	0	0	0	0	0	0	0	0	0	0	0	0
"ASV1116"	0.00177559820749133	0	0	0	0	0.000590020229265003	0	0	0	0	0	0	0	0	0	0	0	0	0	0	0	0	0	0	0	0	0	0	0	0	0	0	0	0	0	0	0	0	0.00305188199389624	0	0	0	0	0	0	0	0	0	0	0	0	0	0	0
"ASV1129"	0	0	0.00195678067041007	0	0	0.000758597437626433	0	0	0	0	0	0	0	0	0	0	0	0	0	0	0	0	0	0	0.00151120812694148	0	0	0	0	0.00218395632087358	0	0	0	0	0	0	0	0	0	0	0	0	0	0	0	0.000252270433905146	0	0	0	0	0.000595238095238095	0	0	0
"ASV1142"	0	0	8.50774204526119e-05	0	0.00118885869565217	0	0.000252589037635767	0	0.000589175995286592	0	0	0	0	0	0	8.39419121967598e-05	0	0	0.0224162538829653	0	0	0	0	0	0	0	0	0	0.00159503022162525	0	0	0	0	0.0264861683343143	0	0	0	0	0	0.000423298340670505	0	0	0	8.49473326537547e-05	0	0.00420450723175244	0	0	0	0.000254022015241321	0.00263605442176871	0	0	0.000675048519112311
"ASV1150"	0	0	0	0	0	0	0	0	0	0	0	0	0	0	0	0	0	0	0	0	0	0	0	0	0	0	0	0	0	0	0	0	0	0	0	0	0	0	0	0	0	0	0	0.00118926265715257	0	0	0	0	0	0	0	0	0	0
"ASV1167"	0	0	0	0	0	0.00016857720836143	0	0	0	0	0	0	0	0	0	0	0	0	0	0	0	0	0	0	0	0	0	0	0	0	0	0.00025312183597705	0	0	0	0	0	0	0.00118684299762631	0.000761937013206908	0	0.000761356907199053	0.000421869726628417	0	0	0	0	0	0	0	0.000425170068027211	0	0	0
"ASV1174"	0	0.00143581081081081	0	0	0	0	0	0	0	0	0	0	0	0	0	0	0	0	0	0	0	0	0	0	0	0	0	0	0	0	0	0	0	0	0	0	0	0.0046908315565032	0	0	0.00159771274806593	0	0	0	0	0	0	0	0	0	0	0	0	0
"ASV1207"	8.45522955948254e-05	0	0.000255232261357836	0	0	0	0	0	0	0	0	0	0	0	0	0	0	0	0	0	0	0	0	0	0	0	0	0	0	0	0	0.00329058386770165	0	0	0	0	0.00136344269279932	0.000767590618336887	0.00440827399118345	0	0.00277497477295661	0.000676761695288047	0.0712959838002025	0	0	0	0.00228368434407511	0	0.000588185866733888	0.000592718035563082	0.0158163265306122	0	0	0
"ASV1222"	0	0.000253378378378378	0	0	0.000424592391304348	0	0	0	0.000168335998653312	0	0	0.000168747890651367	0	0.00033661533282841	0	0	0	0	0	0	0	0	0	0	0	0	0	0	0	0	0.000168918918918919	0	0	0.000252249222231565	0.000167954316425932	0	0	0	0.0102577144794846	0	0	0	0.00025312183597705	0.000679578661230037	0.000842886041807148	0	0	0	0	0	0	0	0	0
"ASV1247"	0	0	0	0	0	0	0	0	0	0	0	0.00025312183597705	0	0	0.000168548794876117	0	0	0	0	0	0	0	0	0	0	0	0	0	0	0	0	0	0	0	0	0	0	0	0	0	0	0	0	0	0.0016857720836143	0.000504540867810293	0	0	0	0	0	0	0	0
"ASV1252"	0.00693328823877568	0.00481418918918919	0.00102092904543134	0.00025612567232989	0.00161345108695652	0.000421443020903574	0.00286267575987202	0.000673514059605994	0.000336671997306624	0.000253421186011151	0	0.000674991562605467	0.674291480951981	0.000673230665656821	0.000168548794876117	0.000839419121967598	0	0	0	0	0.00176604154402489	0.000168506192602578	0.000335908632851864	0	0	0	0	0.0121951219512195	0	0	8.44594594594595e-05	0.000337495781302734	0.00025235531628533	8.40830740771883e-05	0.00209942895532415	0.00500848896434635	0.00451640391989774	0	0	0.00465628174737555	0.00470904809956273	0.00380678453599526	0.000759365507931151	0.00475705062861026	0.099291975724882	0	8.45809016324114e-05	0	0	0.00152413209144793	0.00076530612244898	0	0	0.000843810648890389
"ASV1273"	0.000760970660353429	0.00101351351351351	0.000765696784073507	0.00273200717151883	0.00271739130434783	0.00792312879298719	0.0210490864696472	0.000926081831958242	0.00791179193670566	0.000168947457340767	0.00084167999326656	0.0241309483631455	0.207215541165587	0.0033661533282841	0.13627170065734	0	0	0.000251868021156914	0.00377802031735371	0	0.021360692961063	0.00092678405931418	0	0.000419815281276238	0.0136008731424733	0	0	0.483851976450799	0	0.000251994960100798	0.0454391891891892	8.43739453256834e-05	0.000420592193808883	0.00151349533338939	0.000587840107490763	0	0.00426075841499787	0.00375266524520256	0.00678195998643608	0.00143921435827972	8.40901446350488e-05	0.00389137974790627	0	0.0965851172273191	0.0507417397167903	0.000420450723175244	0.000507485409794468	0	0	0.000931414055884843	0.00110544217687075	0.0509833713176332	0.00042247570764681	0.0294489916462746
"ASV1291"	0	0	0	0	0	0	0	0	0	0	0	0	0	0	8.42743974380583e-05	0	0	0	0	0	0	0	0	0	0	0	0	0	0	0	0	0	0	0	0	0	0	0	0.00254323499491353	0	0	0	0	8.49473326537547e-05	0	0	0	0	0	0	0	8.44095551616443e-05	0	0
"ASV1299"	0.000591866069163778	0.000929054054054054	0	8.53752241099633e-05	0.000169836956521739	0	0	0.000505135544704496	0	0	0	0	0	0	0	0	0	0	0	0	0	0	0	0	0	0	0	0	0	0	0	0	0	0	0	0	0	0.00127931769722815	0.00110206849779586	0.000507958008804605	0	0	0	0	0	0	0	0	0	0	0	0	0	0
"ASV1335"	0	0	0	0	0	0	0	0	0	0	0	0	0	0	0	0	0	0	0	0	0	0	0	0	0	0	0	0	0	0	0	0	0	0	0	0.00212224108658744	0	0	0	0	0	0	0	0	0	0	0	0	0	0	0	0	0	0
"ASV1373"	0	0	0	0	0	0	0	0.000252567772352248	0	0	0	0	0	0	0	0	0.00117617407376292	0	0	0	0	0	0	0	0	0	0	0	0	0	0	8.43739453256834e-05	0	0	0	0.00237691001697793	0	0.000511727078891258	0.00347575449304849	0	0	0.000422976059555029	0	8.49473326537547e-05	0.00016857720836143	0	0	0	0	0	0	0	0	0
"ASV1384"	0	0	0	0.00187825493041919	0	0	0	0	0	0	0	0	0	0	0.00286532951289398	0	0	0	0	0	0	0	0	0	0.000839560070523046	0	0	0	0	0	0	0.00025312183597705	0	0	0	0	0	0	0.00084774499830451	0	0	0	0	0.000509683995922528	0	0	0	0	0	0	0.000850340136054422	0	0	0
"ASV1389"	0	0.00498310810810811	0	0	0.000169836956521739	8.42886041807148e-05	0	0	0	0	0	0	0	0.000252461499621308	0	0	0	0	0	0	0	0	0	0	0	0	0	0	0	0	0	0	0	0	0	0.00619694397283531	0.000852151682999574	0	0	0	0	0	0	0	0	0	0	0	0	0	0	0	0.00135192226446979	0
"ASV1390"	0	0.00109797297297297	0	0	0	0	0	0	0	0	0	0	0	0	0	0	0	0	0	0	0	0	0	0	0	0	0	0	0	0	0	0	0	0	0	0	0	0	0	0	0	0	0	0	0	0	0	0	0	0	0	0	0	0
"ASV1415"	0	0.000760135135135135	0	0	0	0	0	0	0	0.000253421186011151	0.00042083999663328	0	0	0.000168307666414205	0.000168548794876117	0	0	0	0	0	0	0	0	0	0	0	0	0	0	0	0	0.000168747890651367	0	0	0	0	0	0	0	0	0	0.000930547331021064	0.000421869726628417	0	0.00016857720836143	0	0	0	0	0	0	0	0.000337980566117448	0
"ASV1417"	0	0	0	0	0	0.000421443020903574	0	0	0	0	0	0	0	0	0	0	0	0	0	0	0	0	0	0	0	0	0	0	0	0	0	0	0	0	0	0	0	0	0	0	0	0	0	0	0	0	0	0	0	0.000592718035563082	0.000255102040816327	0	0	0
"ASV1446"	0.00160649361630168	0	0.000680619363620895	0.00119525313753949	0.0180876358695652	0.000590020229265003	0.000841963458785889	0.847701633271595	0.689420082484639	0	0	0.0129092136348296	0.00496173576654613	0	0.0197202090005056	0	0.0619171637402336	0	0.0612878851481824	0	0.00117736102934993	0.00143230263712191	0	0.00436607892527288	0.126521702627823	0	0	0.296972245584525	0	0.00293994120117598	0.0035472972972973	0.00261559230509619	0.00748654104979812	0.0117716303708064	0.00134363453140746	0	0.00127822752449936	0.00383795309168444	0.00178026449643947	0.00101591601760921	0	0.000338380847644023	0.0142591967600405	0.00314305130818892	0.0375927174645988	0	0.000422904508162057	0	8.40265523905554e-05	0.000169348010160881	0.00595238095238095	0.00523339242002195	0	0.15104210615138
"ASV1450"	0	0	0	0	0	0	0	0	0	0	0	0	0	0	0	0	0	0	0	0	0	0	0	0	0	0	0	0	0	0	0	0.00261559230509619	0	0	0	0	0.000511291009799744	0	0	8.46596681341009e-05	0	0	0	0	0	0	0	0	0	0.00279424216765453	0.00119047619047619	0	0	0
"ASV1492"	0	0	0	0	0	0	0	0	0	0	0	0	0	0	0	0	0	0	0	0	0	0	0	0	0	0	0	0	0	0	0	0	0	0	0	0	0	0	0	0	0	0	0	0	0	0	0	0	0	0	0.00153061224489796	0	0	0
"ASV1500"	0	0	0	0	0	0	0	0	0.000336671997306624	0.000253421186011151	0	0	0.00731645782524598	0.000925692165278128	0.000168548794876117	0	0	0	0	0	0	0	0	0	0	0	0	0	0.000167897918065816	0	0.00135135135135135	0.00025312183597705	0.000168236877523553	0.00134532918523501	0.000335908632851864	0	0.00110779718789945	0	0.00754493048491014	0.000338638672536404	0.00874537504204507	0.00152271381439811	0	0.00101936799184506	0.0016857720836143	0.000420450723175244	0	0	0	0	0.000170068027210884	0	0	0.00168762129778078
"ASV1518"	0	0	0	0	0	0	0	0	0	0	0	0	0	0	0	0	0	0	0	0	0	0.000252759288903867	0	0	0	0	0	0	0	0	0	0	0	0	0	0.00365025466893039	0	0.0115138592750533	0.00364530349270939	0	0	0	0	0	0	0	0	0	0	0	0	0	0	0
"ASV1533"	0	0	0	0	0	0	0	0	0	0	0	0.000168747890651367	0	0.00227215349659177	0.000168548794876117	0	0	0	0	0	0	0	0	0	0	0	0	0	0	0	0	0.00362807964900439	0	0	0	0	0	0	0	0	0	0	0	0	0	0	0	0	0	0.0065198983911939	0.000935374149659864	0	0	0
"ASV1556"	0	0	0	0	0	0	0	0	0	0	0	0	0	0	0	0	0	0	0	0	0	0	0	0	0	0	0	0	0	0	0	0	0	0	0	0	0	0.00230277185501066	0	0	0	0	0	0	0	0	0	0	0	0	0	0	0	0
"ASV1566"	0	0	0	0	0	0	0	0	0	0	0	0	0	0	0	0	0	0	0	0	0	0	0	0	0	0	0	0	0	0	0	0	0	0	0	0	0	0.00102345415778252	0	0	0	0	0	0	0.000337154416722859	0	0	0	0	0	0	0	0	0
"ASV1568"	0	0	0	0	0	0	0	0	0	0	0	0	0	0	0	0	0	0	0	0	0	0.00126379644451934	0	0	0	0	0	0	0	0	0	0	0	0	0	0	0	0	0	0	0	0	0	0	0	0	0	0	0	0	0	0	0.000844951415293621	0
"ASV1580"	0	0	0	0	0.0381283967391304	0	0	0	0	0	0	0	0	0	0	0	0	0	0	0	0	0	0	0	0	0	0	0	0	0	0	0	0	0	0	0	0	0	0	0	0	0	0	0	0	0	0	0	0	0	0	0	0	0
"ASV1593"	0.0128519489304135	0.00616554054054054	0.00204185809086269	0.122171945701357	0.0209748641304348	0.35021915037087	0.154921276416604	0.00134702811921199	0.0013466879892265	0.852002027369488	0.726285666189715	0.0458150523118461	0.00201833319317131	0.930488933770933	0.100876453733356	0.000923361034164358	0.0010081492060825	0.000335824028209218	0.000839560070523046	0	0.64082078883189	0.000842530963012891	0	0.000167926112510495	0.088489631433129	0	0	0	0.00822699798522498	0.00991180176396472	0.197719594594595	0.480593992575093	0.00210296096904441	0.000756747666694694	0.00361101780315754	0.017062818336163	0.00766936514699617	0.00494669509594883	0.0270430654459139	0.00558753809685066	0.0174066599394551	0.00186109466204213	0.00286871414107324	0.0171593611960584	0.0332939986513823	0.00571812983518332	0.0021991034424427	0.000924447432557358	0.000672212419124443	0.00770533446232007	0.334778911564626	0.00489575419937537	0.309167722855936	0.00118133490844654
"ASV1602"	0	0	0	0	0	0	0	0	0	0	0	0	0	0	0	0	0	0	0	0	0	0	0	0	0	0	0	0	0	0	0	0	0	0	0	0	0	0	0	0	0.00100908173562059	0	0	0	0	0	0	0	0	0	0	0	0	0
"ASV1609"	0	0	0	0	0	0	0.000252589037635767	0	0.00101001599191987	0	0	0	0	0	0	0.0016788382439352	0	0	0.0036940643103014	0	0	0	0	0	0	0	0	0	0	0	0	0.000168747890651367	0	0.0290927436307071	8.39771582129661e-05	0	0	0	0	0	0	0	0	0	0	0	0	0	0	0.00211685012701101	0.00178571428571429	0	0	0
"ASV1649"	0	0.00211148648648649	0	0	0	0	0	0	0	0	0	0	0	0	0	0	0	0	0	0	0	0	0	0	0	0	0	0.00100925147182506	0	0.000419991600167997	0	0	0	0	0	0	0	0	0	0	0	0	0	0	0	0	0	0	0	0	0	0	0.00042247570764681	0
"ASV1707"	0	0	0	0	0	0	0	0	0	0	0	0	0	0	0	0	0	0	0	0	0	0	0	0	0	0	0	0	0	0	0	0	0	0	0	0	0	0	0	0	0	0	0	0.00152905198776758	0	0	0	0	0	0	0	0	0	0.000506286389334233
"ASV1779"	0	0	0	0	0	0	0	0	0	0	0	0	0	0	0	0	0	0	0	0	0	0	0	0	0	0	0	0	0	0	0	0	0	0	0	0	0	0.00238805970149254	0	0	0	0	0	0	0	0	0	0	0	0	0	0	0	0
"ASV1793"	0.00186015050308616	0.0035472972972973	0.000680619363620895	0.00025612567232989	0.00127377717391304	0.000758597437626433	0.000589374421150122	0	0.000673343994613248	0.000929211015374219	0.000168335998653312	0.000421869726628417	0	0.000589076832449718	0.000674195179504467	0	0.00142821137528354	8.39560070523046e-05	0	0	0	0.000337012385205156	0.000587840107490763	0	0	0	0	0	0	0	0	0.000168747890651367	0.000420592193808883	0.000252249222231565	0	0.00271646859083192	0.00298253089049851	0.0135607675906183	0.0137334689725331	0.00262444971215713	0.00630676084762866	0.00203028508586414	0.00143435707053662	0.00101936799184506	0.000674308833445718	0	8.45809016324114e-05	0	0	0	0	0.000928505106778087	0.00109843683988171	0.000421905324445194
"ASV1798"	0	0	0	0	0	0	0	0	0.000168335998653312	0	0	0	0	0	0.000168548794876117	0	0	0	0.000671648056418437	0	0	0	0	0	0	0	0	0	0	0	0	0	0	0	0	0	0	0	0	0	0	0	0	0.00229357798165138	0	0	0	0	0	0	0	0	0	0
"ASV1805"	0	0	0	0	0	0	0	0	0	0	0	0	0	0	0	0	0	0	0	0	0	0	0	0	0	0	0	0	0	0	0	0.000168747890651367	0	0	0	0	0.00034086067319983	0	0.00491692099016616	0	0	0	8.43739453256834e-05	8.49473326537547e-05	0	0	0	0	0	0	0	0	0	0
"ASV1807"	0	0	0	0.000170750448219927	0	8.42886041807148e-05	0	0	0	0	0	0.000168747890651367	0	0	0.00143266475644699	0	0	0	0	0	0	0	0	0	0	0	0	0	0	0	0	0.00244684441444482	0	0	0	0	0	0	0	0	0	0.000507571271466035	0	0	0	0	8.45809016324114e-05	0	0	0.0259102455546147	0.00875850340136054	0	0	0
"ASV1811"	0.00160649361630168	0.00202702702702703	0.000680619363620895	0.000170750448219927	0.000679347826086957	0.000337154416722859	0	0	0	0	0.000252503997979968	0	0.000420486081910689	0.00117815366489944	0	0	0	0	0	0	0	0	0	0	0	0	0	0	0	0	0.000253378378378378	0	0.000336473755047106	0.000168166148154377	0	0	0.0011930123561994	0.00588486140724947	0.00542556798914886	0.00110057568574331	0	0.00101514254293207	0.000168747890651367	0.000169894665307509	0.000421443020903574	0	0	0	0	0	0.000340136054421769	0	0	8.43810648890389e-05
"ASV1827"	0	0	0	0	0	0	0	0	0	0	0	0	0	0	0	0	0	0	0	0	0	0	0	0	0	0	0	0	0	0	0	0	0	0	0	0	0	0	0.00288233299423533	0	0	0	0	0	0	0	0	0	0	0	0	0	0	0
"ASV1837"	0	0	0	0	0	0	0	0	0	0	0	0	0	0	0	0	0	0	0	0	0	0	0	0	0	0	0	0	0	0	0	0	0	0	0	0	0	0	0	0	0.00260679448368651	0	0	0	0	0	0	0	0	0	0	0	0	0
"ASV1846"	0.000253656886784476	0	0.00153139356814701	8.53752241099633e-05	0.00636888586956522	0	0	0	0	0	0	0.00025312183597705	0	0	0	0	0	0	0	0	0	0	0	0	0	0	0	0.00235492010092515	0	0	0	0	0	0	0	0	0	0	0	0	0	0.000507571271466035	0.000337495781302734	0	0.00126432906271072	0	0	0	0	0	0	0.00253228665484933	0	0
"ASV1857"	0	0	0	0	0	0	0	0	0	0	0	0	0	0	0	0	0	0	0	0	0	0	0	0	0	0	0	0	0	0	0	0	0	0	0	0	0	0.00153518123667377	0	0	0	0	0	0	0	0	0	0	0	0	0	0	0	0
"ASV1858"	0	0	0.00187170324995746	0	0	0	0	0	0	0	0	0	0	0	0	0	0	0	0	0	0	0	0	0	0	0	0	0	0	0	0	0	0	0	0	0	0	0	0	0	0	0	0	0	0	0	0	0	0	0	0	0	0	0
"ASV1878"	0	0	0.000170154840905224	0	8.49184782608696e-05	0	0	0	0	0.000675789829363068	0	0	0	0	0	0	0	0	0	0	0	0	0	0	0	0	0	0	0	0	0	8.43739453256834e-05	0	0	0	0.00730050933786078	0	0	0	0	0	0	0	0	0	0	0	0	0	0	8.50340136054422e-05	0	0	0
"ASV1882"	0	0	0	0	0.000934103260869565	0	0	0	0	0	0	0	0	0	0	0	0	0	0	0	0	0	0	0	0	0	0	0	0	0	0	0	0	0	0.000251931474638898	0.00424448217317487	0	0	0.00194981349610037	0	0.00294315506222671	0	0	0	0	0	0	0	0	0	0	0	0	0
"ASV1895"	0	0	0	0	8.49184782608696e-05	0	0	0	0	0	0	0	0	0	0	0	0	0	0	0	0	8.42530963012891e-05	0	0	0	0	0	0	0	0	0	0	0	0	0	0	0	0	0	0	0	0	0	0	0	0	0	0	0	0	0	0.00101291466193973	0	0
"ASV1931"	0	0.00219594594594595	0	0	0.000169836956521739	0	0	0	0	0	0	0	0.00109326381296779	0	0.000927018371818641	0	0	0	0	0	0	0	0	0	0	0	0	0	0	0	8.44594594594595e-05	0	0	0	0	0	0	0	0	0	0.00681130171543895	0	0	0.000424736663268773	0	0.00193407332660612	0	0	0	0	0	0	0	0
"ASV1957"	0.000676418364758603	0	0.00178662582950485	0	0	0.00016857720836143	0	0	0	0	0	0	0.000420486081910689	0	0	0	0	0	0	0	0	0	0	0	0	0	0	0	0	0	0	0.0020249746878164	0	0	0	0	0.00477204942479761	0.00102345415778252	0	0.00584151710125296	0	0.000338380847644023	0.0020249746878164	0	0	0	0	0	8.40265523905554e-05	0.0162574089754445	0.0070578231292517	0	0.000168990283058724	0.00109695384355751
"ASV1975"	0.000760970660353429	0	8.50774204526119e-05	0.000170750448219927	0.0304008152173913	0.000590020229265003	0.000505178075271533	0	8.4167999326656e-05	0	0.000252503997979968	0	0	0.00143061516452074	0	0	0	0	0	0	0	0	0	0	0	0	0	0	0	0	0.000168918918918919	0	0.000336473755047106	0.00100899688892626	0	0	0.000852151682999574	0	0	0.000761937013206908	0	0	0.000337495781302734	0.00297315664288141	0	0	0	0	0	0.000592718035563082	8.50340136054422e-05	0.0142652148223179	0	0.00295333727111636
"ASV1977"	0	0	0	0	0.000339673913043478	0	0	0	0	0	0	0	0	0	0	0	0	0	0	0	0	0	0	0	0	0	0	0	0	0	0	0	0	0	0	0	0	0	0	0	0	0	0	0.00127420998980632	0	0.000168180289270098	0	0	0	0	0	0.00202582932387946	0	0
"ASV1988"	0	0	0	0	0	0	0	0	0	0	0	0	0	0	0	0	0	0	0	0.000587840107490763	0	0	0	0	0	0	0	0	0.000587642713230356	0	0	0	0	0	0	0	0	0	0	0	0	0	0	0	0	0.000420450723175244	0	0	0	0	0	0	0	0
"ASV1996"	0	0	0	0	0	0	0	0	0	0	0	0	0	0	0	0	0	0	0	0	0	0	0	0	0	0	0	0	0	0	0	0	0	0	0	0	0	0	0.00262800949474398	0	0	0	0	0	0	0	0	0	0	0	0	0	0	0
"ASV1997"	0.00803246808150841	0	0	0	0	0	0	0	0	0	0	0	0	0	0	0	0	0	0	0	0	0	0	0	0	0	0	0	0	0	0	0.00497806277421532	0	0	0	0	0.0161908819769919	0	0.00169548999660902	0.0197257026752455	0	0.000761356907199053	0	0	0	0	0	0	0.000168053104781111	0.00668924640135478	0.0086734693877551	0	0	0
"ASV2001"	0	0.000591216216216216	0.000340309681810448	0	0.00118885869565217	0	0	0	0	0	0	0	0	0	0	0	0	0	0	0	0	0	0	0	0	0	0	0	0	0	0	0	0	0	0	0.00271646859083192	0	0	0	0	0	0	0	0	0	0	0	0	0	0	0	0	0	0
"ASV2009"	0.00109917984273273	0	0.000170154840905224	0	0.00127377717391304	0.00016857720836143	8.41963458785889e-05	0	0.000168335998653312	8.44737286703835e-05	8.4167999326656e-05	0.000590617617279784	8.40972163821378e-05	0	0	0	0	0	0	0	0	0.000168506192602578	0	0	0	0	0	0	0	0	0	0.000168747890651367	8.41184387617766e-05	0	0	0.00195246179966044	0.00161908819769919	0.00298507462686567	0.00245846049508308	0	0.00243861419441641	8.45952119110058e-05	0	0.000254841997961264	0	0.000168180289270098	0	0	0.000336106209562222	0	0	8.44095551616443e-05	0.00278833967046895	0
"ASV2010"	0	0	0.0178662582950485	0	0	0	0	0	0	0	0	0	0	0	0	0	0	0	0	0	0	0	0	0	0	0	0	0	0	0	0	0	0	0	0	0	0	0	0	0	0	0	0	0	0	0	0	0	0	0	0	0	0	0
"ASV2019"	0	0	0	0	0.000509510869565217	0	0	0.000505135544704496	0	0	0	0	0	0	0	0	0	0	0	0	0	0	0	0	0	0	0	0.00185029436501262	0	0	0	0	0	0	0	0	0	0	0.00220413699559173	0	0	0	0	0.000594631328576283	0	0	0	0	0	0	0	0.000253228665484933	0	0.000168762129778078
"ASV2031"	0.000422761477974127	0	0	0	0.000424592391304348	0	0	0	0	0	0.00042083999663328	0.00278434019574755	0	0	0.000168548794876117	0	0	0	0.000419780035261523	0	0	0	0	0	0	0	0	0	0	0.000839983200335993	0.00329391891891892	0	0	0	0	0	0.000937366851299531	0	0	0	0	0	0	0	0	0	0	0.000168081351374065	0	0	0	0	0.000591465990705534	0
"ASV2064"	0	0	0	0.00264663194740886	0.00127377717391304	0.000927174645987862	0.0202913193567399	0.000420946287253746	8.4167999326656e-05	0.00253421186011151	0.00378755996969952	0.00261559230509619	0.000168194432764276	0.00176723049734915	0.0471093881678746	0	0	0	0	0	0.0095870826675637	0	0	0	0	0	0	0	0	0.000335993280134397	0.0258445945945946	0.000590617617279784	0	0	0	0	0	0.00400852878464819	0	0	0	0	0	8.49473326537547e-05	0.0028658125421443	0	0	0	0	0	0.00297619047619048	0	0.000591465990705534	0
"ASV2094"	0	0	0	0	0	0	0	0	0	0	0	0	0	0	0	0	0	0	0	0	0	0	0	0	0	0	0	0	0	0	0	0	0	0	0	0.00263157894736842	0	0	0	0	0	0	0	0	0	0	0	0	0	0	0	0	0	0
"ASV2106"	0	0	0	0	0	0	0	0	0	0	0	0	0	0	0	0	0	0	0	0	0	0	0	0	0	0	0	0	0	0	0	0	0	0	0	0	0	0.00204690831556503	0	0	0	0	0	0	0	0	0	0	0	0	0	0	0	0
"ASV2117"	0	0	0	0	0	0	0	0	0	0	0	0	0	0	0	0	0.000420062169201042	0	0	0	0	0	0	0	0	0	0	0	0	0	0	0	0	0	0	0	0	0	0	0	0	0.00169190423822012	0.000674991562605467	0	0	0	0	0	0	8.46740050804403e-05	0.000850340136054422	0	0	0
"ASV2120"	0	0	0	0	0	0	0	0	0	0	0	0	0	0	0	0	0	0	0	0	0	0	0	0	0	0	0	0	0	0	0	0	0	0	0	0	0	0	0	0.00118523535387741	0	0	0	0	0	0	0	0	0	0	0	0	0	0
"ASV2129"	0	0	0	0	0	0	0	0	0	0	0	0	0	0	0	0	0	0	0	0	0	0	0	0	0	0	0	0	0	0	0	0	0	0	0	0	0.00247123988069876	0.0014498933901919	0	0	0	0	0	0	0	0	0	0	0	0	0	0	0	0
"ASV2140"	0.0183478481440771	0.843158783783784	0.0111451420792922	0.000939127465209596	0.03125	0.000505731625084289	0.000168392691757178	0.000673514059605994	8.4167999326656e-05	0.000168947457340767	0.000252503997979968	8.43739453256834e-05	0	0.0126230749810654	0	0	0.000252037301520625	0	0	0	0	0.000337012385205156	0	0	0	0	0	0	0	0	0.000422297297297297	0.0232872089098886	0.00496298788694482	0.0014294122593122	0	0.652546689303905	0.0409884959522795	0.690746268656717	0.265683282468633	0.00440230274297325	0.490245543222334	0.702732425344725	0.0302058724265947	0.00135915732246007	0.0679366149696561	0.000252270433905146	0.00473653049141504	0.00302546432473317	0.00109234518107722	0.0056731583403895	0.0328231292517007	0.000337638220646577	0	0
"ASV2151"	0	0	0	0	0	0.000590020229265003	0	0	0	0	0	0.00143435707053662	0	0	0.000168548794876117	0	0	0	0	0	0	0	0	0	0	0	0	0	0	0	0	8.43739453256834e-05	0	0	0	0	0	0	0	0	0	0	0	0	0	0	0	0	0	0	0	0	0	0
"ASV2174"	0	0	0	0	0	0	0	0	0	0	0	0	0	0	0	0	0	0	0	0	0	0.000337012385205156	0	0	0	0	0	0	0	0	0	0	0	0	0	0.00441426146010187	0	0.0173987206823028	0	0.000677277345072807	0.00597040026908846	0	0	0	0	0	0	0	0	0	0	0	0.00143641740599916	0
"ASV2233"	0.0235055381753615	0	0	0	0	0	0	0	0	0	0	0	0	0	0	0	0	0	0	0	0	0	0	0	0	0	0	0	0	0	0	0.00329058386770165	0	0	0	0	0.024030677460588	0	0	0.0452082627836099	0	0	0	0	0	0	0	0	8.40265523905554e-05	0.0222692633361558	0.0102040816326531	0	0	0
"ASV2256"	0	0.000760135135135135	0	0	0.000424592391304348	0	0	0	0.0956148472350812	0	0	0.00295308808639892	0	0	0.00252823192314175	0	0	0	0.0172109814457224	0	0	0	0	0	0.000167912014104609	0	0	0	0	0	0.000675675675675676	0	0	0.0104263011855713	0.000167954316425932	0.000169779286926995	0	0.000767590618336887	0.00746015598507969	0	0.00496131853346788	0	0.00025312183597705	0	0	0.000588631012445341	8.45809016324114e-05	0	0	0	0.000425170068027211	0	0	0
"ASV2275"	0	0	0	0	0	0	0	0	0.0109418399124653	0	0.00084167999326656	0.00025312183597705	0	0	0.0680094387325131	0	0	0	0	0	0	0.000421265481506445	0	0	0.0312316346234573	0	0	0	0	0	0.0066722972972973	0	0	0	0	0	0	0	0	0	0	0	0	0	0	0.000336360578540195	0	0	0	0	0	0	0	0
"ASV2302"	0	0	0	0	0	0	0	0	0	0	0	0	0	0	0	0	0	0	0	0	0	0	0	0	0	0	0	0	0	0	0	0	0	0	0	0.00203735144312394	0	0	0	0	0	0	0	0	0	0	0	0	0	0	0	0	0	0
"ASV2306"	0	0	0.00280755487493619	0	0	0	0	0	0	0	0	0	0	0	0	0	0	0	0	0	0	0	0	0	0	0	0	0	0	0	0	0	0	0	0	0	0	0	0	0	0	0	0	0	0	0	0	0	0	0	0	0	0	0
"ASV2319"	0.00744060201234464	0.00244932432432432	0.000510464522715671	0.803466234098865	0.0786345108695652	0.595751854349292	0.738907131430496	0.00159959589156424	0.00235670398114637	0.11226558540294	0.243918862048649	0.700134998312521	0.00529812463207468	0.0128755364806867	0.579723579976403	0	0.00361253465512896	8.39560070523046e-05	0.00293846024683066	0	0.198889916743756	0.0031173645631477	0	0	0.338594576441944	0	0.000336558687421119	0.00176619007569386	0.00159503022162525	0.00394792104157917	0.677533783783784	0.108589267634155	8.41184387617766e-05	0.000756747666694694	8.39771582129661e-05	0.000764006791171477	0.00247123988069876	8.52878464818763e-05	0.00737538148524924	8.46596681341009e-05	0	0.00177649945013112	0	0.0407747196738022	0.00463587322993931	0.00159771274806593	0.00617440581916603	8.40406756870325e-05	0	0.00499576629974598	0.0511904761904762	0.00219464843420275	0.663962822137727	0.00405029111467387
"ASV2343"	0.00152194132070686	0.00523648648648649	0.00170154840905224	0.00136600358575941	0.00135869565217391	0.00016857720836143	0.00101035615054307	0.00101027108940899	0	0.000253421186011151	0.00109418399124653	0.00025312183597705	0.00193423597678917	0.00176723049734915	0.000252823192314175	0	0	0	0.00109142809167996	0	0	0.000337012385205156	0	0	0	0	0	0.00210260723296888	0	0	0.000422297297297297	0	0.000588829071332436	0.000252249222231565	0	0.00356536502546689	0.00238602471239881	0.00375266524520256	0.00610376398779247	0.00279376904842533	0.00521358896737302	0.00389137974790627	0.0010124873439082	0.00475705062861026	0.00522589345920432	0	0.000253742704897234	0	0	0.000508044030482642	0.00076530612244898	0	0.000506970849176172	0.00118133490844654
"ASV2380"	0.00143738902511203	0	0	0	0	0	0	0	0	0	0	0	0	0	0	0	0	0	0	0	0	0	0	0	0	0	0	0	0	0	0	0.000168747890651367	0	0	0	0	0	0	0	0	0	0	0.00244684441444482	0	0	0	0	0	0	0	0	0	0	0
"ASV2385"	0	0	0	0	0	0	0	0	0	0	0	0	0	0	0	0	0	0	0	0	0	0	0	0	0	0	0	0	0	0	0	0	0	0	0	0	0	0	0.00542556798914886	0	0	0	0	0	0	0	0	0	0	0	0	0	0	0
"ASV2398"	0	0	0	0	0	0	0	0	0	0	0	0	0	0	0	0	0	0	0	0	0	0	0	0	0	0	0	0	0	0	0	0	0	0	0	0	0	0	0.00211936249576127	0	0	0	0	0	0	0	0	0	0	0	0	0	0	0
"ASV2424"	0	0	0	0	0	0	0	0	0	0	0	0	0	0	0	0	0	0	0	0	0	0	0	0	0	0	0	0	0	0	0	0	0	0	0	0	0	0	0.00932519498134961	0	0	0	0	0	0	0	0	0	0	0	0	0	0	0
"ASV2494"	0.0564809334573434	0.0109797297297297	0.0952016334864727	0.00221975582685905	0.17094089673913	0.0118004045853001	0.000336785383514355	8.41892574507493e-05	0.000589175995286592	0.000591316100692685	0.00101001599191987	0.00261559230509619	0.0232949289378522	0.00185138433055626	0.00632057980785437	0	0.000588087036881458	0	0.000503736042313828	0	0.000672777731057102	0.000758277866711602	0	0	0.00134329611283687	0	0.000588977702986958	0.132296047098402	0	0	0.0109797297297297	0.00480931488356396	0.000336473755047106	0.000336332296308753	0.000335908632851864	0.0196095076400679	0.0543672773753728	0.0190191897654584	0.00678195998643608	0.0385201490010159	0.0669357551294988	0.00913628288638863	0.00877489031387108	0.155963302752294	0.0247808496291301	0.000840901446350488	0	0	0.000252079657171666	0.00160880609652837	0.00620748299319728	0.464421372499367	0.00202788339670469	0.00860686861868197
"ASV2498"	0	0	0	0	0	0	0	0	0	0	0	0	0	0	0	0	0	0	0	0	0	0	0	0	0	0	0	0	0	0	0	0	0	0	0	0	0	0	0	0	0.00218634376051127	0	0	0	0	0	0	0	0	0	0	0	0	0
"ASV2522"	0	0	0	0	0	0	0	0	0	0	0	0	0	0	0	0	0	0	0	0	0	0	0	0	0	0	0	0	0	0	0.00101351351351351	0	0	0	0	0	0	0	0	0	0	0	0	0	0	0	0	0	0	0	0	0	0	0
"ASV2523"	0	0	0	0	0	0.000337154416722859	0	0	0	0.000506842372022301	0	0	0	8.41538332071026e-05	0	0	0	0	0	0	0	0	0	0	0	0	0	0	0	0	0	0	0	0	0.000167954316425932	0	0.00187473370259906	0	0	0.000592617676938706	0	0	0	0	0	0	0	0	0	0	0	0	0	0
"ASV2526"	0	0	0	0	0	0	0	0	0	0	0	0	0	0	0	0	0	0	0	0	0	0	0	0	0	0	0	0	0	0	0	0.000843739453256834	0	0	0	0	0	0	0	0	0	0	0	0	0	0	0.000169161803264823	0	0	0	0	0	0	0
"ASV2527"	0	0	0.000425387102263059	0	0	0	0	0	0	0	0	0	0	0	0	0	0	0	0	0	0	0	0	0	0	0	0	0	0	0	0	0	0	0	0	0	0	0	0	0	0	0.00397597495981727	0.00168747890651367	0	0	0	0	0	0	0	0	0	0	0
"ASV2531"	0	0	0	0	0.00220788043478261	0	0.000673570767028711	0	0	0	0	0	0	0	0	0	0	0	0	0	0	0	0	0	0	0	0	0	0	0	0	0	0	0	0	0	0	0	0	0	0	0	0	0	0	0	0	0	0	0	0	0	0	0
"ASV2585"	0	0	0	0	0	0	0	0	0	0	0	0	0	0	0	0	0	0	0	0	0	0	0	0	0	0	0	0	0	0	0	0	0	0	0	0.00305602716468591	0	0	0	0	0	0	0	0	0	0	0	0	0	0	0	0	0	0
"ASV2590"	0	0.000591216216216216	0	0	0.000169836956521739	0.000590020229265003	0.018438999747411	0	0	0.000168947457340767	0	0.000337495781302734	0.00176604154402489	0.00100984599848523	0	0.000587593385377319	0	0	0	0	0.00243881927508199	0	0	0	0	0	0	0	0	0	0	0.183260209247384	0	0.000336332296308753	0.000251931474638898	0.00551782682512733	0	0.00400852878464819	8.4774499830451e-05	0.000253979004402303	0	0.00160730902630911	0.000168747890651367	0	0.00775455158462576	0	0.00126871352448617	0.00033616270274813	0	0.694750211685013	0.143452380952381	0	0	0
"ASV2602"	0	0	0	0	0	0	0	0	0.00151502398787981	0	0	0	0	0	0	0	0	0	0	0	0	0	0	0	0	0	0	0	0	0	0	0	0	8.40830740771883e-05	0.000251931474638898	0	0	0	0	0	0	0	0.000590617617279784	0	0	0	0	0	0	0	0	0	0	0.00135009703822462
"ASV2645"	0	0	0	8.53752241099633e-05	0	0	0	0	0	0	0	0	0	0	0.000337097589752233	0	0	0	0	0	0	0	0	0	0	0	0	0	0	0	0	0.000421869726628417	0	0	0	0	0	0	0	0	0	0	0	0	0	0	0.000507485409794468	0	0	0.00279424216765453	0.0200680272108844	0	0	0
"ASV2653"	0	0	0	0	0	0	0	0	0	0	0	0	0	0	0	0	0	0	0	0	0	0	0	0	0	0	0	0	0	0	0	0	0	0	0	0	0	0	0	0	0.00454086781029263	0	0	0	0	0	0	0	0	0	0	0	0	0
"ASV2673"	0	0	0	0	0.000424592391304348	0.000674308833445718	0	0	0	0	0.00042083999663328	0	0	0	0.000168548794876117	0	0	0	0	0	0	0	0	0	0.000167912014104609	0	0	0	0	0	0.00143581081081081	0	0	0	0	0	0	0	0	0	0	0	0	0	0	0	0	0	0	0	0.000595238095238095	0	0	0
"ASV2687"	0	0	0	0	0	0	0	0	0	0	0	0	0	0	0	0	0	0	0	0	0	0	0	0	0	0	0	0	0	0	0	0	0	0	0	0	0	0.0185074626865672	0	0	0	0	0	0	0	0	0	0	0	0	0	0	0	0
"ASV2689"	0.139003973957893	0	0.00629572911349328	0.000597626568769743	0	0.000927174645987862	0.000252589037635767	0	0.00117835199057318	0	0	0.000759365507931151	0.0222857623412665	0.00033661533282841	0.00185403674363728	0	0	0	0.000251868021156914	0	0	8.42530963012891e-05	0	0	0.000923516077575351	0	0	0.00681244743481918	0	0	0.000929054054054054	0.00615929800877489	0.000336473755047106	0.00311107374085597	0	0	0.0730293992330635	0	0	0.179986454453099	0.00395223679784729	0.00177649945013112	0.0264090448869389	0.134726469588855	0.00160148347943358	0.000336360578540195	0.00101497081958894	8.40406756870325e-05	0.000168053104781111	0.0397967823878069	0.0177721088435374	0.00734363129906305	0.000168990283058724	0.0157792591342503
"ASV2691"	0	0	0	0	0	0	0	0	0	0	0	0	0	0	0	0	0	0	0	0	0	0	0	0	0	0	0	0	0	0	0	0	0	0	0	0.00254668930390492	0	0	0	0	0	0	0	0	0	0	0	0	0	0	0	0	0	0
"ASV2697"	0	0	0	0	0	0	0	0	0	0	0	0	0	0	0	0	0	0	0	0	0	0	0	0	0.000335824028209218	0	0	0	0	0	0	0	0	0	0	0	0	0	0.00144116649711767	0	0	0	0	0	0	0	0	0	0	0	0.00212585034013605	0	0	0
"ASV2698"	0.00152194132070686	0	0.00102092904543134	0	0	0	0	0	0.000336671997306624	0	0	0	0	0	0	0	0	0	0	0	0	0	0	0	0	0	0	0	0	0	0	0.000337495781302734	0	0	0	0	0	0	0	0	0	0	0	0	0	0	0	0	0	0	0	0	0	0.000675048519112311
"ASV2753"	0.000169104591189651	0.000422297297297297	0.000340309681810448	0.000170750448219927	0.000594429347826087	0.00151719487525287	0	0.000926081831958242	0.000168335998653312	0.000506842372022301	0.000336671997306624	0.000506243671954101	0	0.00033661533282841	8.42743974380583e-05	0	0	0	0	0	0	0	0	0	0	0	0	0	0	0	0	8.43739453256834e-05	0.000672947510094213	0.000420415370385941	0.000251931474638898	0.00169779286926995	0.00332339156369834	0.000767590618336887	0.00635808748728383	0.00126989502201151	0.0100067272115708	0.00355299890026225	0.000674991562605467	0.00101936799184506	0.000505731625084289	0	0	0	0	0	0	0	0.000844951415293621	0.00101257277866847
"ASV2771"	0	0	0	0	0	0	0	0	0	0	0	0	0	0	0	0	0	0	0	0	0	0	0	0	0	0	0	0	0	0	0	0	0	0	0	0	0	0.00341151385927505	0	0	0	0	0	0	0	0	0	0	0	0	0	0	0	0
"ASV2780"	0.00211380738987064	0.00143581081081081	0	0	0	0	0	0	0.000589175995286592	0.00126710593005575	0	0	0	0.00033661533282841	0	0	0	0	0	0	0	0	0	0	0	0	0	0	0	0	0	0	0	0	0	0.00169779286926995	0	0	0.00101729399796541	0	0.000588631012445341	0	0.000506243671954101	0.000424736663268773	0	0.00134544231416078	0	0.000252122027061098	0	0	0	0	0.000337980566117448	0
"ASV2786"	0	0	0	0	0	0	0	0.000168378514901499	0.00159919198720646	0	0	0.00185622679716504	0	0.000925692165278128	0.00126411596157087	0	0	0	0	0	0	0	0	0	0.00209890017630761	0	0	0	0	0	0.00109797297297297	0	0	0.000336332296308753	0	0	0	0	0	0	0	0	0	0	0	0	0	0	0	0	0	0	0	0
"ASV2803"	0	0	0	0	0	8.42886041807148e-05	0	0	0	0	0	0	0	0.00033661533282841	0	0	0	0	0	0	0	0	0	0	0	0	0	0	0	0	0	0	0	0	0	0	0.000170430336599915	0	0.00101729399796541	0.000592617676938706	0	0.000592166483377041	0	0	0	0.000252270433905146	0	0	0	0	0	0	0	0
"ASV2823"	0.00321298723260337	0.0027027027027027	0.000595541943168283	0.00051225134465978	0.000934103260869565	8.42886041807148e-05	0.000505178075271533	0	0	0	0	0.000337495781302734	0	0.000589076832449718	0	0	0	0	0	0	0	0	0	0	0	0	0	0.000252312867956266	0	0	0	0	0	0	0	0.00271646859083192	0.000766936514699617	0.000170575692963753	0	0.00355570606163224	0.00765220316178944	0	0	0.000339789330615019	0.00665879973027647	0	8.45809016324114e-05	0	0	0.000254022015241321	0	0	0	0.000421905324445194
"ASV2873"	0.00126828443392238	0.00118243243243243	0	0	0.00144361413043478	0	0	0	0	0	0	0	0	0	0	0	0	0	0	0	0	0	0	0	0	0	0	0	0	0	0	0	0	0	0	0.00390492359932088	0	0.00110874200426439	0	0	0	0	0.000421869726628417	0	0.00320296695886716	0	0	0	0	0	0	0	0	0
"ASV2879"	0.0777881119472394	0	0.000170154840905224	0	0	0	8.41963458785889e-05	0	0	0	0	0	0	0.00033661533282841	8.42743974380583e-05	0	0	0	0	0	0	0	0	0	0	0	0	0	0	0	0	0.000168747890651367	0	0	0	0.00254668930390492	0.210907541542395	0.000170575692963753	0	0.0153233999322723	0.00109317188025563	8.45952119110058e-05	0	0.013846415222562	0	0	0	0	0	0.00203217612193057	0.000595238095238095	0	0	0.000421905324445194
"ASV2884"	0	0	0	0	0.000509510869565217	0	0	0	0	0	0	0	0	0	0	0	0	0	0	0	0	0	0	0	0	0	0	0	0	0	0	0	0	0	0	0	0	0	0	0	0	0	0	0	0.000590020229265003	0	0	0	0	0	0	0	0	0
"ASV2890"	0.00135283672951721	0.00464527027027027	0.000595541943168283	8.53752241099633e-05	0.000679347826086957	0.00016857720836143	0.000336785383514355	0.000420946287253746	0.000252503997979968	0.000591316100692685	8.4167999326656e-05	0.000337495781302734	0.000588680514674964	0.000757384498863923	8.42743974380583e-05	0	0	0	0.000167912014104609	0	0.000420486081910689	0.000252759288903867	0.000335908632851864	0	0	0	8.41396718552798e-05	0.000672834314550042	0	0	0.000506756756756757	0.00025312183597705	0.000504710632570659	8.40830740771883e-05	0.000335908632851864	8.48896434634975e-05	0.00213037920749893	0.00631130063965885	0.00084774499830451	0.00245513037588893	0.0110158089471914	0.00219947550968615	0.000674991562605467	0.000934420659191301	0.00151719487525287	0.000504540867810293	0	0	0	0.000423370025402202	0.000255102040816327	0.000337638220646577	0.000168990283058724	0.00168762129778078
"ASV2904"	0	0	0	0.000597626568769743	0.000934103260869565	0.00016857720836143	0	0	0	0	0	0	0	8.41538332071026e-05	0	0	0	0	0.000503736042313828	0	0	0	0	0	0	0	0	0	0	0	0	0.000337495781302734	0	0	0	0.00152801358234295	0.00110779718789945	0	0.00237368599525263	0.00152387402641382	0	0	0	8.49473326537547e-05	0	0	0.000253742704897234	0	0	0.000423370025402202	0.00119047619047619	0	0	0
"ASV2908"	0	0	0	0	0	0	0	0	0	0	0	0	0	0	0	0	0	0	0	0	0	0	0	0	0	0	0	0	0	0	0	0	0	0	0	0	0	0	0.00779925398440149	0	0	0	0	0	0	0	0	0	0	0	0	0	0	0
"ASV2914"	0.00405851018855162	0	0	8.53752241099633e-05	0	0	0.000168392691757178	0	0.000589175995286592	0	0	8.43739453256834e-05	0	0	0	0	0	0	0	0	0	0	0	0.000419815281276238	0	0	0	0	0	0	0.000760135135135135	0.000168747890651367	0	0.000252249222231565	0	0	0.00374946740519813	0	0	0.00448696241110735	0	0	0.00126560917988525	0.0108732585796806	0	0	0	0	0	0.000338696020321761	0.000850340136054422	0	0	0.00202514555733693
"ASV2928"	0.01454299484231	0.0217060810810811	0.00808235494299813	0.00495176299837787	0.0196161684782609	0.00210721510451787	0.00202071230108613	0.00345175955548072	0.00319838397441293	0.00371684406149687	0.00159919198720646	0.0020249746878164	0.00353208308804979	0.00454430699318354	0.00261250632057981	0	0.00319247248592792	0.000671648056418437	0.00159516413399379	0.000839771582129661	0.00218652762593558	0.00117954334821805	0.00260329190460195	0.00134340890008396	0	0.00151387720773759	0.00235591081194783	0	0.000755540631296172	0.00125997480050399	0.00228040540540541	0.00194060074249072	0.00235531628532974	0.00151349533338939	0.00041988579106483	0.0150254668930391	0.0115892628887942	0.0245628997867804	0.0287385554425229	0.00990518117168981	0.0880423814328961	0.0156501142035361	0.0045561930475869	0.0159700985389059	0.00632164531355361	0.00117726202489068	0.000761228114691703	0.000924447432557358	0.000840265523905554	0.00220152413209145	0.00178571428571429	0.00498016375453701	0.0031263202365864	0.00641296093156696
